  0.588626683    
  0.651206732    
  0.727833390    
  0.755613387    
  0.811766684    
  0.870833397    
  0.918540061    
  0.916913331    
  0.947693229    
  0.961073339    
  0.919600070    
  0.929639995    
  0.875699997    
  0.839813352    
  0.805273294    
  0.742706597    
  0.688586593    
  0.610819995    
  0.566806734    
  0.461586684    
  0.371713340    
  0.258806646    
  0.159319982    
   6.17266484E-02
  -1.88733358E-02
  -9.96933281E-02
 -0.204653323    
 -0.277359962    
 -0.380486667    
 -0.470119983    
 -0.586346686    
 -0.687780023    
 -0.772939980    
 -0.834633291    
 -0.893433392    
 -0.913953364    
 -0.909406602    
 -0.934993327    
 -0.942246616    
 -0.967479944    
 -0.961946607    
 -0.941720009    
 -0.956726670    
 -0.940553308    
 -0.931333303    
 -0.850399911    
 -0.805260003    
 -0.740833282    
 -0.681266665    
 -0.609566689    
 -0.551613271    
 -0.507359922    
 -0.403133303    
 -0.331399977    
 -0.229199961    
 -0.155066654    
  -8.24066475E-02
   2.40466837E-02
  0.119466670    
  0.243093327    
  0.313086659    
  0.417613357    
  0.476520002    
  0.548073351    
  0.618666649    
  0.685000002    
  0.755966604    
  0.815033376    
  0.827606738    
  0.831046700    
  0.889506638    
  0.934733272    
  0.968759894    
  0.977813303    
  0.929253340    
  0.924246609    
  0.883379936    
  0.882973254    
  0.838006616    
  0.787346601    
  0.720699966    
  0.616499960    
  0.539539993    
  0.485086650    
  0.396619976    
  0.270460010    
  0.144473329    
   1.22866388E-02
  -6.58600181E-02
 -0.155753344    
 -0.245699987    
 -0.344560027    
 -0.433633327    
 -0.548046708    
 -0.631213307    
 -0.721366704    
 -0.748060048    
 -0.847406685    
 -0.885606706    
 -0.926113367    
 -0.926880002    
 -0.914560020    
 -0.935153306    
 -0.951853395    
 -0.954739988    
 -0.943899989    
 -0.929153323    
 -0.899299979    
 -0.816666722    
 -0.760380030    
 -0.683953345    
 -0.634660006    
 -0.568926632    
 -0.491079956    
 -0.397799999    
 -0.350373328    
 -0.298086643    
 -0.197020009    
 -0.128506675    
   5.36665507E-03
   6.02199957E-02
  0.166099995    
  0.245133340    
  0.326526672    
  0.414633334    
  0.466713339    
  0.545833349    
  0.648426712    
  0.660953343    
  0.720113397    
  0.761440039    
  0.829153359    
  0.852946699    
  0.918679953    
  0.886759996    
  0.876906574    
  0.892646670    
  0.855453312    
  0.806846738    
  0.777353346    
  0.777559996    
  0.701426685    
  0.631086648    
  0.569800019    
  0.503126681    
  0.462180018    
  0.373453319    
  0.295366645    
  0.179946706    
   9.50267017E-02
   1.62400287E-02
  -8.16133469E-02
 -0.183239996    
 -0.250640005    
 -0.380106658    
 -0.462766677    
 -0.496400028    
 -0.554033339    
 -0.604306638    
 -0.651653290    
 -0.692866683    
 -0.773960054    
 -0.791819990    
 -0.826600015    
 -0.854040027    
 -0.841426671    
 -0.866819978    
 -0.842713296    
 -0.824899971    
 -0.785780013    
 -0.774453342    
 -0.748326659    
 -0.718026698    
 -0.653179944    
 -0.595126569    
 -0.534913301    
 -0.444333375    
 -0.360593349    
 -0.291606694    
 -0.193766668    
 -0.110566661    
  -1.21332810E-03
  0.121046670    
  0.211273327    
  0.294353336    
  0.389400005    
  0.455106676    
  0.559233367    
  0.620513320    
  0.669326663    
  0.719626606    
  0.798426628    
  0.819066644    
  0.874479949    
  0.924993336    
  0.956493318    
  0.948599994    
  0.926306665    
  0.914179981    
  0.887906730    
  0.874446690    
  0.834959984    
  0.783306718    
  0.751573443    
  0.704320073    
  0.638560057    
  0.530646741    
  0.485866696    
  0.409953386    
  0.332546651    
  0.235300019    
  0.142806664    
   4.81466278E-02
  -7.05533326E-02
 -0.118893348    
 -0.237146676    
 -0.310153365    
 -0.396486670    
 -0.503726661    
 -0.558319986    
 -0.607493341    
 -0.670953333    
 -0.767246604    
 -0.788899958    
 -0.834926605    
 -0.867406666    
 -0.858593285    
 -0.862540007    
 -0.872906625    
 -0.894540012    
 -0.854246736    
 -0.833546698    
 -0.809233367    
 -0.746633351    
 -0.699673355    
 -0.675606668    
 -0.575773299    
 -0.487439990    
 -0.465266675    
 -0.371753335    
 -0.289466679    
 -0.220826656    
 -0.161999986    
  -5.76999821E-02
   3.34733240E-02
   8.77000019E-02
  0.190646663    
  0.259673327    
  0.324039996    
  0.358146667    
  0.451873332    
  0.482940018    
  0.534573376    
  0.617606580    
  0.638033330    
  0.691646695    
  0.753826678    
  0.796320021    
  0.843813241    
  0.868826628    
  0.905706584    
  0.891199946    
  0.897019982    
  0.912419975    
  0.890713334    
  0.858299971    
  0.816759944    
  0.768413305    
  0.730219901    
  0.669026613    
  0.597586632    
  0.502433300    
  0.440766662    
  0.321593285    
  0.251279980    
  0.151053354    
   4.37866822E-02
  -5.99266551E-02
 -0.168433338    
 -0.249326661    
 -0.359246671    
 -0.421846658    
 -0.517326653    
 -0.621939957    
 -0.661399961    
 -0.717486560    
 -0.774413288    
 -0.819706619    
 -0.861833274    
 -0.905139923    
 -0.939986587    
 -0.916359961    
 -0.935153306    
 -0.916713357    
 -0.867826641    
 -0.808619916    
 -0.772539973    
 -0.691566586    
 -0.636579931    
 -0.582713246    
 -0.538300097    
 -0.465306669    
 -0.382573307    
 -0.269859999    
 -0.185893282    
 -0.113566667    
  -4.80466671E-02
   4.56799902E-02
  0.102206685    
  0.168793336    
  0.228613332    
  0.298180014    
  0.352826685    
  0.456880003    
  0.524919987    
  0.571999967    
  0.608886659    
  0.642586708    
  0.688786626    
  0.726919949    
  0.777679980    
  0.826273203    
  0.844799936    
  0.888426661    
  0.876299977    
  0.857113302    
  0.846006632    
  0.842126667    
  0.805866659    
  0.723886669    
  0.681280017    
  0.643059969    
  0.566699982    
  0.479826659    
  0.384753317    
  0.309440017    
  0.227466658    
  0.146940008    
   3.07466630E-02
  -6.91466704E-02
 -0.128846675    
 -0.195453331    
 -0.320740014    
 -0.401986659    
 -0.454933345    
 -0.513006747    
 -0.585100055    
 -0.646366775    
 -0.688420117    
 -0.736986756    
 -0.759646714    
 -0.816139996    
 -0.820106685    
 -0.821139991    
 -0.818406641    
 -0.853213310    
 -0.858186603    
 -0.800653338    
 -0.794933319    
 -0.753800035    
 -0.706753373    
 -0.641146719    
 -0.559913337    
 -0.509939909    
 -0.406659991    
 -0.351746619    
 -0.272526622    
 -0.220146641    
 -0.155213326    
  -5.96200190E-02
   6.69800043E-02
  0.150146678    
  0.240900010    
  0.323819995    
  0.394213319    
  0.443493336    
  0.499839991    
  0.581486702    
  0.647540033    
  0.665560007    
  0.694013357    
  0.740033329    
  0.818306684    
  0.862926662    
  0.861319959    
  0.841659963    
  0.860326707    
  0.825673342    
  0.837766707    
  0.797133327    
  0.782306612    
  0.748893321    
  0.704226553    
  0.642986536    
  0.596600115    
  0.531853378    
  0.459720016    
  0.363926619    
  0.283880025    
  0.218979999    
  0.159639999    
   5.81133179E-02
  -1.65266749E-02
 -0.111486673    
 -0.180280015    
 -0.269086689    
 -0.336480021    
 -0.451160014    
 -0.525533378    
 -0.604513288    
 -0.668593347    
 -0.724506617    
 -0.791960001    
 -0.826519966    
 -0.838100016    
 -0.857046723    
 -0.887133360    
 -0.901446640    
 -0.919293344    
 -0.931373298    
 -0.923026681    
 -0.916866601    
 -0.876933396    
 -0.831506729    
 -0.785726666    
 -0.697220027    
 -0.635926664    
 -0.546913326    
 -0.453580022    
 -0.372973353    
 -0.331913352    
 -0.255340040    
 -0.134406701    
  -4.68199924E-02
   7.39266798E-02
  0.157026678    
  0.232513353    
  0.326573342    
  0.401780009    
  0.522813380    
  0.598393381    
  0.647046685    
  0.713299990    
  0.750919998    
  0.752680063    
  0.804499984    
  0.851946712    
  0.843106687    
  0.871653318    
  0.857759893    
  0.856379926    
  0.829959929    
  0.783833265    
  0.787193239    
  0.735179901    
  0.679906666    
  0.661339998    
  0.607526660    
  0.543993354    
  0.510946631    
  0.426273316    
  0.361159950    
  0.288846642    
  0.209766656    
  0.150006667    
  0.103773326    
   4.48133163E-02
  -4.48800176E-02
 -0.139880016    
 -0.227740005    
 -0.316039979    
 -0.398199975    
 -0.472886622    
 -0.537919998    
 -0.624193311    
 -0.683233321    
 -0.736160040    
 -0.769526660    
 -0.811459959    
 -0.831333339    
 -0.848246694    
 -0.841513455    
 -0.781173468    
 -0.796820045    
 -0.777373374    
 -0.715693355    
 -0.662113309    
 -0.623219907    
 -0.602859914    
 -0.516453326    
 -0.439173341    
 -0.354346603    
 -0.256739944    
 -0.170786679    
 -0.111420020    
  -1.01466859E-02
   7.39866570E-02
  0.119019985    
  0.228586674    
  0.319753319    
  0.405066669    
  0.446486652    
  0.510173261    
  0.596153319    
  0.670219958    
  0.738699973    
  0.781733334    
  0.774700046    
  0.816473246    
  0.833959997    
  0.820666671    
  0.820579946    
  0.817279994    
  0.786953330    
  0.756299973    
  0.723926604    
  0.707993329    
  0.680273235    
  0.663473248    
  0.602733374    
  0.520306706    
  0.460733324    
  0.427093327    
  0.330873340    
  0.280573338    
  0.207720026    
  0.145006672    
   7.02866539E-02
   2.86665349E-03
  -9.14133415E-02
 -0.219379991    
 -0.301606655    
 -0.396066666    
 -0.498566657    
 -0.567413330    
 -0.596986651    
 -0.691066682    
 -0.775533378    
 -0.831440032    
 -0.856380045    
 -0.919406712    
 -0.948786736    
 -0.952746749    
 -0.973246753    
 -0.970113456    
 -0.905633330    
 -0.858260036    
 -0.794560075    
 -0.733613253    
 -0.703013241    
 -0.663306534    
 -0.554739952    
 -0.454033375    
 -0.348786712    
 -0.320140004    
 -0.193660021    
 -0.134726673    
  -7.06600025E-02
   1.47866756E-02
  0.114879988    
  0.170186684    
  0.206340015    
  0.286153346    
  0.357600003    
  0.463166654    
  0.532133341    
  0.572526634    
  0.618206680    
  0.650413334    
  0.740153372    
  0.788659990    
  0.852360010    
  0.898980021    
  0.918373346    
  0.920840025    
  0.945120037    
  0.950366735    
  0.913760006    
  0.898086667    
  0.809466660    
  0.750140011    
  0.697913289    
  0.636179984    
  0.555606723    
  0.494206637    
  0.406426638    
  0.314673275    
  0.251059949    
  0.166013330    
   7.89399967E-02
  -2.31599975E-02
 -0.110080004    
 -0.212933347    
 -0.316993326    
 -0.395273328    
 -0.461299986    
 -0.543593347    
 -0.638053298    
 -0.681926668    
 -0.760393322    
 -0.814093292    
 -0.886573255    
 -0.958739996    
 -0.963986635    
 -0.992946684    
 -0.999226630    
 -0.995286644    
 -0.970259905    
 -0.965880036    
 -0.927306533    
 -0.874259949    
 -0.836533248    
 -0.756239951    
 -0.703266561    
 -0.633300006    
 -0.591380000    
 -0.498126656    
 -0.422426641    
 -0.340300024    
 -0.214000002    
 -0.108000003    
   3.25998873E-03
   8.45199898E-02
  0.169746652    
  0.283846676    
  0.375733316    
  0.453293294    
  0.500140011    
  0.563126624    
  0.619933307    
  0.687646687    
  0.744373322    
  0.796539962    
  0.824086607    
  0.812139928    
  0.816219985    
  0.809826672    
  0.823880017    
  0.834506691    
  0.802966654    
  0.768600047    
  0.760193288    
  0.739106596    
  0.679786623    
  0.648333311    
  0.594733238    
  0.546613336    
  0.486153305    
  0.421653360    
  0.375886649    
  0.297160089    
  0.224419966    
  0.114793301    
   2.45999806E-02
  -4.69933189E-02
 -0.117319994    
 -0.210193336    
 -0.289946675    
 -0.339113325    
 -0.465906680    
 -0.545706689    
 -0.644293368    
 -0.726666689    
 -0.783120036    
 -0.836700082    
 -0.878226697    
 -0.932473361    
 -0.917093337    
 -0.903800011    
 -0.932046652    
 -0.935799956    
 -0.934713364    
 -0.918853402    
 -0.891386688    
 -0.804859996    
 -0.750386655    
 -0.671666563    
 -0.564333260    
 -0.504313290    
 -0.423813283    
 -0.332726657    
 -0.240859970    
 -0.180833340    
  -9.77266952E-02
   2.29999907E-02
  0.127099991    
  0.241573349    
  0.360679984    
  0.459760010    
  0.532613337    
  0.608846664    
  0.667859972    
  0.730019987    
  0.826793373    
  0.859579980    
  0.914039969    
  0.941026688    
  0.959306657    
  0.954079926    
  0.932993293    
  0.889986694    
  0.878179967    
  0.866813362    
  0.848186553    
  0.813746572    
  0.760266602    
  0.699026644    
  0.609999895    
  0.526206672    
  0.478073418    
  0.370713353    
  0.308466703    
  0.260280013    
  0.185426652    
   9.72866565E-02
   3.43733244E-02
  -7.21266717E-02
 -0.175180003    
 -0.301666677    
 -0.391759992    
 -0.447720021    
 -0.522866666    
 -0.569739997    
 -0.640039980    
 -0.738320053    
 -0.762246668    
 -0.806379974    
 -0.842566669    
 -0.882746696    
 -0.922900021    
 -0.936599970    
 -0.913020015    
 -0.923939943    
 -0.916800082    
 -0.877453387    
 -0.829513431    
 -0.755413413    
 -0.718526721    
 -0.661986649    
 -0.590406656    
 -0.564339995    
 -0.523366630    
 -0.476406664    
 -0.394946635    
 -0.299993366    
 -0.242786661    
 -0.141413361    
  -7.16800168E-02
   5.23266718E-02
   9.70466807E-02
  0.163766667    
  0.217466682    
  0.302273333    
  0.363426656    
  0.473293304    
  0.546799958    
  0.641333282    
  0.707633257    
  0.766933262    
  0.833233237    
  0.868280053    
  0.858773291    
  0.901140034    
  0.904619992    
  0.942006707    
  0.942313254    
  0.924666584    
  0.905513167    
  0.878873229    
  0.784453332    
  0.724753380    
  0.631746650    
  0.587506652    
  0.499720037    
  0.414533347    
  0.336660028    
  0.275473326    
  0.180573329    
   8.91333148E-02
  -2.37066876E-02
 -0.134466678    
 -0.213126659    
 -0.291053325    
 -0.366826683    
 -0.421586692    
 -0.510113358    
 -0.577420056    
 -0.674719989    
 -0.712546587    
 -0.756073296    
 -0.784079909    
 -0.843693197    
 -0.884553254    
 -0.889579892    
 -0.910459876    
 -0.897586584    
 -0.899766564    
 -0.915839970    
 -0.917593241    
 -0.860746682    
 -0.795359969    
 -0.716726601    
 -0.670299947    
 -0.633486688    
 -0.551206708    
 -0.472879976    
 -0.401359975    
 -0.276339978    
 -0.229519993    
 -0.146833345    
  -4.56533320E-02
   6.05666786E-02
  0.184406668    
  0.284506679    
  0.365753323    
  0.464493304    
  0.519953310    
  0.598146617    
  0.652426660    
  0.674653351    
  0.752846658    
  0.838933289    
  0.845879972    
  0.894320071    
  0.912253320    
  0.921580017    
  0.922726631    
  0.882573307    
  0.851360083    
  0.829093337    
  0.769113362    
  0.763493359    
  0.720093369    
  0.665719986    
  0.631059945    
  0.537359953    
  0.432233304    
  0.369740009    
  0.287713379    
  0.237293348    
  0.137466669    
   2.00933423E-02
  -5.34600168E-02
 -0.144500002    
 -0.273633361    
 -0.370900005    
 -0.495739996    
 -0.540853381    
 -0.569140017    
 -0.670520008    
 -0.733326674    
 -0.784319997    
 -0.815673292    
 -0.877866626    
 -0.900780022    
 -0.956706703    
 -0.959613204    
 -0.958399951    
 -0.959079921    
 -0.929560006    
 -0.909786642    
 -0.857213318    
 -0.819166720    
 -0.778373420    
 -0.708126724    
 -0.666619956    
 -0.612333357    
 -0.545746684    
 -0.457226664    
 -0.411446661    
 -0.324486643    
 -0.213066682    
 -0.156799987    
  -5.12266718E-02
   6.77999929E-02
  0.197119996    
  0.269153327    
  0.350453317    
  0.423446655    
  0.505559981    
  0.573933363    
  0.662266672    
  0.705686688    
  0.746446609    
  0.814166665    
  0.866259992    
  0.874346733    
  0.936240017    
  0.943406701    
  0.937753379    
  0.908700049    
  0.919353426    
  0.859813392    
  0.815153360    
  0.777646661    
  0.735133290    
  0.662793279    
  0.612700045    
  0.551373363    
  0.450413316    
  0.382073343    
  0.293239981    
  0.202406660    
  0.112073295    
  -1.78600028E-02
 -0.128813341    
 -0.236660004    
 -0.339500010    
 -0.427540004    
 -0.540859997    
 -0.611053348    
 -0.691173315    
 -0.753986657    
 -0.803819954    
 -0.860066712    
 -0.903146744    
 -0.910326779    
 -0.952993453    
 -0.941533446    
 -0.946866810    
 -0.906753421    
 -0.884106636    
 -0.832653284    
 -0.829026639    
 -0.789653242    
 -0.733813226    
 -0.675073326    
 -0.633166671    
 -0.555833399    
 -0.469006658    
 -0.395973295    
 -0.325493306    
 -0.251346648    
 -0.166406631    
  -8.43066722E-02
   4.60666418E-03
   7.30399787E-02
  0.130000010    
  0.242053330    
  0.350879997    
  0.400499970    
  0.493239999    
  0.552453339    
  0.588233292    
  0.676946700    
  0.711033285    
  0.748140037    
  0.793253303    
  0.800219953    
  0.854946554    
  0.834999979    
  0.842859983    
  0.871726692    
  0.866906583    
  0.818226695    
  0.824299991    
  0.783560038    
  0.735806704    
  0.713613451    
  0.654400051    
  0.608260095    
  0.561293364    
  0.486566663    
  0.410046667    
  0.330326617    
  0.251373321    
  0.160999998    
   8.30600187E-02
  -2.46000080E-03
  -8.19599926E-02
 -0.172159985    
 -0.255526662    
 -0.311713308    
 -0.422599971    
 -0.532293320    
 -0.626680017    
 -0.717646658    
 -0.752380013    
 -0.805920005    
 -0.845573366    
 -0.872993350    
 -0.907839954    
 -0.921226621    
 -0.917273343    
 -0.877860010    
 -0.870586634    
   0.00000000    
   0.00000000    
   0.00000000    
   0.00000000    
   0.00000000    
   0.00000000    
   0.00000000    
   0.00000000    
   0.00000000    
   0.00000000    
   0.00000000    
   0.00000000    
   0.00000000    
   0.00000000    
