0.1550
0.0964
0.2506
0.5081
0.0053
0.2752
0.7923
0.5078
0.4330
0.9167
0.5317
1.1418
0.9264
0.9146
1.3745
1.0937
1.2458
0.6673
1.3504
0.8913
0.9908
0.7679
0.9695
0.6337
0.2946
0.6823
0.3327
0.3881
0.3965
0.4360
0.2819
0.0793
0.0071
-0.2279
-0.4568
-0.7028
-0.7244
-0.4944
-0.5753
-0.9177
-0.8921
-0.7579
-1.1588
-0.9480
-1.3074
-1.2396
-1.1981
-0.9183
-1.1099
-0.7646
-0.6346
-1.1082
-0.6032
-0.9538
-0.8347
-0.5887
-0.9830
-0.9162
-0.8097
-0.0934
-0.5625
-0.2317
-0.0248
-0.0344
0.1047
0.0292
0.4552
0.4728
0.5792
0.2773
0.5012
0.6138
0.5151
1.0447
0.9565
1.0054
0.6519
1.0485
1.0245
1.0997
1.0937
1.3412
0.6614
0.6308
1.1542
1.1796
1.1242
0.6509
0.3163
0.8814
0.3924
0.6458
0.3740
0.2646
0.1000
-0.4693
0.1868
-0.1554
-0.6962
-0.7382
-0.7102
-0.8586
-0.5213
-1.0321
-0.4678
-1.0905
-0.6903
-1.3422
-0.9829
-1.2523
-0.8697
-1.3034
-0.7284
-1.3038
-0.7497
-0.5254
-1.1675
-0.7718
-1.0754
-0.3052
-0.8693
-0.2425
-0.1027
-0.1386
-0.1059
-0.1303
-0.3174
0.4393
0.0954
-0.0383
0.2589
0.3485
0.2559
0.9327
0.5176
0.7189
0.9430
1.1182
1.1830
0.6753
1.0565
1.2215
0.6272
0.9828
0.5816
1.2746
0.7054
1.2419
0.4539
0.3698
0.9550
0.3851
0.3891
0.7406
0.6784
-0.0855
0.1664
-0.2921
-0.0173
-0.0326
-0.0563
-0.4659
-0.4894
-0.8199
-0.8120
-0.5128
-1.1393
-0.6219
-1.2014
-0.5615
-0.5900
-0.6981
-1.0462
-0.7275
-0.6508
-1.2727
-0.7338
-1.0111
-1.2315
-0.6228
-0.8937
-0.7777
-0.3547
-0.6146
-0.3916
-0.1981
-0.2436
-0.0735
0.1433
0.2524
0.0860
0.5223
0.0237
0.2361
0.6252
0.7466
1.0562
0.9987
0.6316
1.0341
0.7875
1.3183
0.8457
0.8755
1.0069
1.2680
0.8319
0.8549
0.9938
1.0977
0.6282
0.7218
0.8168
0.2375
0.8322
0.1952
0.5435
0.3697
0.1667
0.0205
-0.3507
0.1602
-0.2838
-0.1673
-0.3610
-0.7592
-0.6981
-0.9637
-0.4876
-0.9416
-0.8999
-0.7515
-1.2389
-0.6522
-0.7171
-1.3026
-1.2842
-0.6086
-0.8577
-0.8482
-0.6270
-0.7573
-1.1192
-0.8121
-0.3372
-0.5894
-0.3868
-0.2999
0.0522
-0.3561
0.1949
0.0408
-0.2760
0.5450
0.3861
0.4026
0.1251
0.4453
0.5555
0.4762
0.9548
0.6486
0.6656
0.5638
1.0498
0.6609
0.8153
0.9695
0.8514
1.1903
1.3353
0.7625
1.1577
0.9307
1.0294
0.7372
0.7359
0.8966
0.2382
0.5636
0.0378
0.0901
0.3966
-0.0665
0.1187
-0.0920
-0.1625
-0.6299
-0.1240
-0.4740
-0.8718
-0.8198
-0.7310
-0.9752
-1.0852
-0.9012
-1.3421
-1.1726
-0.6584
-0.7226
-0.9459
-0.8419
-1.2618
-0.7736
-0.9967
-0.5174
-1.1017
-0.4544
-0.2419
-0.1971
-0.3600
-0.1275
-0.3478
0.1496
-0.0564
0.1490
0.3991
0.4289
0.4859
0.0882
0.4654
0.3042
0.3935
0.7569
0.7002
0.6835
0.6922
1.2130
1.1702
0.6498
0.7023
0.9046
1.1219
1.0579
0.8496
1.1943
0.5821
1.0479
0.5750
0.4124
0.5169
0.6340
0.6691
-0.0595
0.0107
0.1290
-0.2408
-0.1812
-0.3682
-0.2801
-0.0353
-0.6258
-0.6950
-0.9234
-0.4831
-0.4822
-1.2453
-0.5496
-0.8537
-0.8604
-0.9524
-1.1598
-0.8120
-1.0967
-0.6200
-0.8827
-0.6853
-0.7105
-0.8824
-1.0052
-0.5568
-0.3823
-0.4638
-0.2367
-0.1547
0.0317
0.0587
-0.0624
0.4525
0.2037
0.3056
0.1004
0.2635
0.5515
0.8938
0.6907
0.9790
0.7800
0.8192
0.5845
0.8769
1.2834
0.9284
0.7228
0.6305
0.9959
1.2745
0.9328
0.5274
0.5989
0.9707
0.4592
0.9614
0.2097
0.3621
0.3757
0.6134
0.0098
0.0270
-0.3407
-0.0861
-0.1624
-0.2679
-0.4461
-0.2912
-0.5522
-0.6604
-0.4630
-0.8222
-0.9700
-0.6352
-1.1068
-1.1058
-1.1577
-1.3019
-0.9248
-1.1742
-0.7863
-0.6198
-0.5754
-1.0035
-0.8751
-0.7307
-1.0034
-0.8448
-0.5428
-0.5078
-0.4244
-0.4710
0.0257
-0.0054
0.1610
0.6137
0.5893
0.0405
0.1451
0.9389
0.5831
0.8078
0.4017
0.5895
0.9031
0.7037
1.3445
1.1594
0.7244
1.1548
1.1780
0.6157
0.8178
0.8568
0.8063
1.0113
0.5994
0.3810
0.1932
0.2112
0.7541
0.5643
0.3303
0.4459
0.3476
0.2250
0.1200
-0.4523
-0.1199
-0.2784
-0.1749
-0.2970
-0.3125
-0.6912
-1.1342
-0.6709
-0.7536
-0.9942
-0.7865
-0.7727
-0.7505
-1.1741
-1.3379
-0.9138
-0.7789
-0.8039
-0.5951
-0.5662
-0.5902
-0.2291
-0.9056
-0.4619
-0.0690
0.0172
-0.1893
-0.4451
0.1220
-0.1787
0.3586
0.6852
0.4854
0.2954
0.9529
0.6718
0.4464
0.7379
0.9056
1.2107
0.6385
0.7660
0.8446
1.2330
0.8485
1.0041
0.5797
1.1120
0.5577
0.7535
0.6705
0.3969
0.2830
0.4458
0.7251
0.3995
0.3502
0.5926
0.3219
-0.3879
0.1105
0.0751
-0.3313
-0.1968
-0.3393
-0.2702
-0.7239
-0.7283
-0.9684
-1.1944
-0.8339
-1.0667
-0.9449
-0.7108
-0.8315
-1.3007
-1.1919
-1.1699
-0.5709
-1.2847
-0.7109
-0.7833
-1.0358
-0.9214
-0.2272
-0.1233
-0.1112
-0.0307
-0.2518
-0.2359
0.3278
0.3187
0.4088
-0.1412
0.6125
0.1731
0.1777
0.2459
0.5800
0.6024
0.4190
1.0860
1.0410
1.3317
0.7986
0.9337
1.0039
0.8919
1.2049
1.3401
1.1286
0.8770
0.5368
0.6170
0.9666
0.4977
0.5369
0.8059
0.0024
-0.0913
0.1503
0.0779
-0.3167
0.2839
0.0234
-0.2477
-0.0772
-0.7389
-0.6891
-0.5649
-0.8061
-1.0059
-0.7550
-1.1718
-1.0817
-1.0841
-1.3390
-0.9748
-0.8931
-0.7821
-1.3349
-1.1597
-0.8176
-1.1235
-0.6591
-0.7470
-0.6305
-0.6893
-0.5932
-0.2860
-0.5182
-0.1346
-0.1802
0.1564
-0.1533
0.0639
-0.0242
0.4143
0.7710
0.9309
0.9219
0.5884
0.5891
1.1183
1.0923
0.6452
0.5681
0.7646
1.0085
0.8624
0.9148
0.7583
0.8275
0.5918
0.9921
0.8260
0.7992
0.7485
0.6452
0.5768
0.5191
0.2518
-0.1252
0.5367
0.0584
0.1930
-0.1486
-0.1400
-0.0947
-0.1888
-0.2651
-0.8452
-0.6044
-0.4287
-0.4781
-0.8740
-0.9445
-0.8627
-1.3652
-1.1386
-1.2858
-1.3842
-0.9868
-0.8984
-0.8117
-1.0788
-0.6145
-0.4050
-0.8524
-0.5344
-0.8577
-0.7066
-0.4507
-0.0673
-0.3215
-0.1050
0.2258
-0.0865
0.3091
0.5546
0.2992
0.2859
0.8416
0.9585
1.0271
0.8594
1.0800
1.0355
1.0255
0.8220
0.7802
1.1582
1.3651
0.8009
1.3715
0.7040
0.5601
0.7632
0.6422
0.3820
0.6823
0.9095
0.7561
0.5089
0.0198
-0.1384
-0.1772
0.1082
0.0789
-0.2389
-0.2297
-0.1627
-0.3596
-0.6799
-0.5617
-0.9152
-0.6363
-1.1412
-0.8425
-0.8196
-1.2656
-0.8803
-0.9463
-1.3953
-0.5978
-0.8917
-0.7055
-0.9623
-1.2822
-0.7672
-0.5615
-0.8001
-1.0341
-0.2523
-0.1005
-0.1541
-0.3270
-0.0982
-0.3216
-0.2068
-0.2771
-0.0011
0.2596
0.1421
0.0909
0.9591
0.2459
0.8260
0.4185
0.9003
0.6514
0.9451
0.8191
1.3264
0.8958
1.1409
0.9934
1.1491
1.1366
0.6166
0.8165
0.8814
0.8782
0.9793
0.9049
0.3867
0.6578
0.4195
-0.0899
0.0003
-0.2542
0.3298
-0.1677
-0.1412
-0.5515
-0.1013
-0.5421
-0.4934
-0.7133
-0.7565
-0.7932
-0.5111
-0.7171
-0.9113
-1.3276
-1.2638
-1.1297
-0.7351
-0.7941
-0.9716
-0.9955
-1.1550
-0.5688
-1.0265
-0.5634
-0.8259
-0.7522
-0.7434
-0.0586
-0.3468
-0.0843
-0.4333
-0.1829
0.4401
0.2033
0.0773
0.7203
0.1335
0.2138
0.9543
0.7674
1.1054
0.7581
1.1601
1.1343
0.7476
0.7396
0.6313
0.7735
1.3762
1.3686
0.8245
0.8601
0.4828
1.0942
0.7846
0.5031
0.2899
0.8261
0.2346
0.6633
0.0886
-0.1843
0.2536
-0.0293
-0.2083
-0.1129
-0.3703
-0.2735
-0.4032
-0.9760
-0.6002
-1.0757
-1.1109
-1.2244
-1.2093
-0.5881
-0.6086
-1.2671
-0.9714
-0.9732
-0.5832
-1.3032
-0.6172
-1.2421
-1.0196
-0.5820
-1.0859
-0.6681
-0.9278
-0.4207
-0.0174
0.0033
-0.2134
-0.3488
-0.1589
0.4156
0.0246
0.0695
0.0623
0.6517
0.2620
0.4977
1.1173
1.0120
0.6598
1.2021
1.0982
1.0183
0.6768
1.1661
1.0669
0.6360
1.0853
0.8437
0.7730
1.1904
0.6052
1.0325
0.5762
0.8196
0.3090
0.4283
0.4557
0.0391
0.0810
0.3155
-0.2839
-0.4291
-0.1814
-0.5595
-0.1721
-0.7498
-0.9165
-1.0881
-0.7981
-1.2336
-0.8923
-1.2441
-1.0138
-1.1208
-0.6267
-1.0314
-1.2728
-0.8276
-0.6672
-0.8121
-0.5779
-0.9965
-0.4864
-0.4584
-0.4618
-0.8379
-0.6535
-0.1762
-0.2397
0.0019
0.1286
0.0296
0.2679
0.3900
0.3001
0.6962
0.2350
0.8473
0.5681
0.3926
0.8429
0.9789
0.5681
1.1514
0.8901
0.6653
1.3603
0.7792
0.9466
0.9768
0.8007
1.0559
0.5481
0.6860
0.8256
0.7706
0.2487
0.6592
0.5403
0.1738
0.3324
0.4721
0.0871
0.2421
-0.1441
-0.3471
-0.1399
-0.6362
-0.6696
-0.3435
-0.5122
-0.9438
-0.6938
-0.7102
-0.6690
-1.3309
-1.1733
-1.3287
-1.1224
-0.6651
-1.1502
-0.7347
-1.0475
-1.1923
-0.5443
-0.4529
-0.3526
-0.5847
